1910
4561
4076
2691
3133
4915
3503
5679
8630
2223
31
5937
4456
7136
3867
5701
5484
13833
7290
706
6033
3822
6587
3402
7531
7007
8869
6834
4683
8586
6578
5284
421
5359
1080
3498
1631
7586
2057
6567
630
58
2012
7728
224
5212
4646
7991
4556
7461
5794
8826
8797
5697
5581
1108
2679
728
4568
7456
5928
7194
2956
7098
5983
3664
3659
3804
1578
3263
6565
4995
7060
5604
5826
266
1500
1435
4128
8500
6483
4632
5495
6792
5183
7108
3745
7680
5766
1245
6712
6456
1903
2261
3469
3812
5848
4163
3335
8785
4265
2817
3960
132
3461
4123
6080
3003
641
1594
2542
1697
1429
5769
1142
1544
2927
5203
391
2466
3392
5935
2574
845
4112
2745
1629
8819
3644
3033
6281
4368
18205
2964
350
120
4166
7262
3389
18059
808
4908
5817
4994
6920
7927
2287
4533
4879
7202
3362
846
4091
5940
3381
8064
8102
3438
106
8165
336
7783
2654
4201
4581
2129
10453
2861
9949
16986
1583
1685
3291
5968
4996
5162
7971
2263
2770
3271
25157
803
2417
8838
1822
5088
62
2352
6065
1431
6710
6211
4461
3375
812
6579
7795
166
712
6682
8230
5682
4851
2005
5693
1573
3869
5517
8073
6573
4824
7393
159
4670
183
376
3140
7064
6800
2949
5313
4021
3425
3423
5159
365
19768
938
7042
7639
2340
272
218
1502
2860
8776
7828
1682
4098
7387
2791
1757
4785
7069
501
8437
6673
6185
6877
5445
1784
2415
7716
7843
25292
5816
3115
8465
5366
7212
4900
2995
2803
4513
889
6025
3830
8583
6139
48
2903
6523
4231
1455
6021
8190
7745
3592
234
3092
1940
122
4327
1838
8257
5986
9026
1673
8991
8242
4391
259
7135
2620
1081
1599
5897
8209
6219
2655
2800
3504
3205
4247
8082
8662
4208
5339
4011
7182
5621
5917
2173
1853
23279
4677
4025
441
1702
6997
1182
8502
2028
5072
3668
5729
747
1252
180
8181
6937
4397
3024
3225
6293
1087
8620
7134
8175
5529
3989
2079
1408
8678
5878
5168
7606
3724
5458
2135
7008
88
2779
608
531
4061
7018
2864
3707
6248
5097
2989
2059
2708
3252
8475
1321
1323
2847
739
1204
4381
2982
6513
8638
2314
861
6263
5099
7949
6830
2808
1133
3061
5140
4528
4313
6361
1679
3494
86
3797
4761
230
5340
1763
8131
4617
8281
5236
309
14829
2048
5213
872
2773
2326
2710
6341
8780
4576
1917
4437
6961
3305
7746
4582
5234
8578
4642
868
1117
6342
9028
6062
8851
1266
4633
7932
8194
7489
8236
4549
2187
8573
1250
5835
1464
4588
5331
8366
7379
3012
1179
2581
3578
6911
1858
2532
204
5239
8753
8552
3280
4135
1547
4459
2533
633
6086
5146
7832
2825
6902
8137
960
880
734
1894
1769
1766
4651
2526
4499
5288
13443
5098
5369
4525
8167
8002
1328
2084
3330
6624
1235
1337
7668
2295
3657
4599
7958
8972
9178
5223
6036
140
5959
4883
1221
5569
8029
2625
1243
1976
1505
2420
5450
5117
4072
6761
149
4413
3191
4620
4042
9036
9007
6161
5342
377
6417
3790
605
708
4736
6939
2449
2529
4036
6705
3149
2656
3443
7324
8883
6838
4253
6806
25307
1834
5156
1460
3878
1720
7951
6711
8513
8436
8343
573
6136
7478
6512
704
4572
6663
2505
7317
1885
3441
4310
3255
3728
7940
585
3856
2306
1946
4631
2900
2534
5094
6280
1543
3808
6120
3615
841
2966
7156
7110
3095
3991
4622
6107
2460
6307
7867
2751
8325
8571
4342
6393
671
1219
5421
1739
1618
4027
3134
83
5828
3550
878
3030
6142
7124
7576
4716
1687
1512
631
4767
7558
4291
8211
7265
8183
4482
2009
3573
4389
3235
3482
2017
4515
562
4652
3509
8813
5435
719
3813
847
742
8347
25302
6070
2764
3561
6674
3338
8052
4249
3635
2407
5026
5683
8385
6625
8604
5496
1027
7608
8654
4819
3818
8570
1689
479
769
1180
3953
1929
7911
7604
8329
7360
11293
7823
3746
6170
8272
2704
1162
7420
8940
5556
471
940
3888
17540
1637
20784
2245
1200
3819
1668
368
7048
1707
6312
4429
5655
1196
4115
6002
262
3339
4181
1487
6545
2138
2681
4084
8537
6436
6930
5799
1715
2428
634
6731
5889
7378
8431
3852
4292
8705
5063
5854
2806
5012
7333
576
7774
8234
7751
2341
3628
8246
8602
3726
5267
2051
2714
968
7026
3018
9062
20138
6696
5132
7967
13296
3720
2492
1415
4318
1324
930
3998
3143
2188
5557
7396
3495
3710
4409
6212
5725
6434
11127
6841
1758
4732
2951
7537
8232
3484
3638
8195
5755
2780
9051
7306
6694
9282
6918
8922
4827
6071
161
7564
963
1596
7403
7497
6735
7296
19376
1704
466
2701
977
6358
8141
8943
8633
285
1479
2567
3961
3964
3593
66
6732
5376
3957
3373
7640
4755
6527
277
18620
7259
6949
5287
672
2802
4176
4046
9040
7288
7318
5900
6967
3465
4194
6766
3523
937
4589
6350
1968
364
1373
7965
7326
7715
4724
3299
4803
6155
2206
8866
3249
1647
5338
7240
5798
7447
6105
5135
6612
510
1039
8955
7203
3063
7033
2265
7040
2368
577
1911
1995
3977
1099
3557
8543
5169
985
10096
5228
4161
2264
1886
1299
237
7785
7178
19895
8771
2473
563
1234
725
162
2796
4450
2942
3911
5774
760
3798
8398
8756
4426
5054
2635
1846
6381
5676
5019
1229
2755
6160
5549
24194
2363
5966
3853
6784
17873
4721
8506
4184
5568
2650
12997
6382
7482
6205
1493
3614
8351
3751
1374
1805
7655
21823
1714
8320
6124
7968
5791
1749
4229
5990
5644
3905
3916
9001
481
8616
980
3533
3885
2879
7979
5946
6173
5096
25243
6656
602
3655
5283
2799
7150
9003
7234
1078
5422
7382
7077
3387
6600
3769
8467
8997
470
7739
6374
4569
20359
8441
4699
2536
6769
2498
6897
6328
9058
6273
7953
2759
943
8048
22047
935
8262
6969
7425
3457
2638
3082
4455
1
9032
3976
8618
2438
4083
7300
2235
2426
6091
7676
1619
67
5978
8123
2740
2952
5218
7572
3325
4997
4518
2061
3758
2608
440
2731
6722
4510
14862
7168
4171
8715
5506
7462
7806
4411
8250
3882
1795
7241
2644
8882
5474
7596
7686
1130
2786
2262
7010
7449
1760
4765
1566
8968
3257
20897
957
1355
1582
2867
979
1816
6183
7014
6477
6988
7441
6427
3783
6329
5389
1666
7872
639
1393
14839
6214
680
4101
3669
8762
7193
8643
7573
2208
482
1119
3648
4946
3691
4937
8017
6765
1575
4122
6646
5845
8429
5560
6479
923
3892
1422
2721
11632
5334
6049
143
4715
3556
5951
4867
3108
245
4222
5989
3910
7650
5660
8925
8393
2309
4590
3259
2359
1382
7282
20317
3963
5064
2390
8037
361
4500
150
2398
1189
5809
1494
2071
5623
702
8149
6537
6744
4448
2003
2361
3023
7059
3297
6745
600
2397
3831
1495
6530
5352
6531
8775
4923
7543
11
1747
8712
8041
4410
7526
5465
4509
8342
2804
7617
5431
1541
1577
6510
1960
1152
2943
4472
1403
7561
4993
3460
1285
2595
300
5834
7597
4505
7439
1411
4212
8187
806
1602
1654
2227
4293
6825
1188
8769
2497
5300
4768
6040
1735
297
5523
4037
4052
4972
6386
7788
1534
5572
6250
1586
5611
6249
4848
2043
3196
202
4523
8870
6439
8199
949
876
1883
4775
1314
4296
873
21921
7216
2881
1275
2065
4952
984
6760
5309
8043
1723
3185
3518
892
6979
7643
3312
4006
63
5885
388
2876
2818
8816
6045
6958
2930
7173
7061
6985
6946
2400
4644
8319
5139
7978
1430
582
4859
8896
12546
3008
5252
8233
5821
1458
3219
7419
7681
5608
919
114
2342
7598
6562
8837
9729
5651
6044
5973
3947
8553
2976
1254
1507
6501
1751
3075
2392
5652
8533
5215
2307
5488
8814
8459
2643
2719
5840
5911
4162
2666
3827
8121
2410
3019
1609
3343
35
4471
2386
8804
55
2585
194
2260
7415
8527
3753
4678
6583
3913
1360
7557
3552
6947
3784
2358
11628
987
6701
4236
4774
9041
8871
8448
5198
8501
9025
3116
7365
2571
6054
2707
4235
1003
736
5387
4890
2446
7791
3001
3938
4356
8595
1114
4492
3212
6577
1825
6298
2099
246
3228
596
6980
4427
690
4159
4000
4113
1370
3175
1748
6929
5948
5721
8362
8609
5692
5061
1389
1657
1423
1552
7792
5670
3342
9012
6533
4004
3444
4003
3083
5649
8326
5166
4283
2395
341
5385
7539
6113
6353
2030
2018
3508
308
5760
6680
874
6482
703
8489
14431
6919
2813
5992
2163
1615
118
1034
6594
3087
2136
3385
8588
3833
2998
4190
1814
1457
1733
5831
4387
4126
3936
1049
6994
4885
8765
6430
3045
21613
3939
9005
5605
7391
7301
3166
5790
2441
6522
4008
3760
6785
6013
1256
1316
6839
3475
2334
8106
10308
3035
8030
6332
4134
2349
7505
1836
2450
6195
3636
3825
7049
5229
772
248
2182
5664
1680
4444
560
5247
5415
2196
4424
5478
3406
1210
8900
1291
8381
831
5412
1140
798
2652
1731
1225
5512
1343
6290
5719
2083
329
6026
8306
4436
2754
1178
7822
6488
3975
8416
2382
2205
7925
738
4903
4392
5184
10006
6480
668
5249
25043
2752
7669
1567
4616
2997
8341
1785
6945
8916
7331
7140
2069
7506
3043
3811
6550
3251
1645
4452
530
6253
4218
3048
5464
6601
6226
4202
2045
7583
865
2870
7107
6903
659
3194
3091
2320
1317
1936
2689
8964
2694
6394
660
4574
2091
3039
4751
8418
6858
7522
5706
2820
1040
6315
4541
3995
61
3653
5927
5856
1607
7473
6606
344
1456
1869
5375
3770
5680
4386
5292
6383
199
8585
2132
5110
136
7341
4281
6505
5013
988
7944
6186
7738
1621
1608
6319
5353
7671
7350
6671
5594
4730
402
2815
3422
6043
4660
1301
5289
5127
9033
825
6626
3836
23763
3690
3347
1868
3978
2405
3887
7120
3445
1207
188
4957
7239
13609
7450
474
8354
601
7090
6670
4671
3374
2640
4776
2729
6818
7527
1788
1197
5265
3281
1118
2067
1890
3904
2725
7311
1698
6137
612
6401
5106
908
4336
8635
432
7992
4346
7273
8171
47
6992
5716
3792
3805
2554
2433
4045
1564
2434
2285
3627
8388
6484
1433
5174
4609
2154
4216
4801
2830
1773
3884
3581
8313
8998
5165
8127
3128
5253
7159
6109
7406
7468
2457
7761
2378
8353
8483
8144
3348
5271
764
5747
4573
8184
2904
5032
2489
4360
4308
4275
7538
4446
6267
7248
3361
5595
3324
4420
8077
2838
3064
5017
2483
79
7146
1625
3920
5642
8192
5949
65
8589
8960
1568
3897
7929
5153
7635
8240
2406
5688
23292
592
7221
2778
244
109
4951
2834
6506
3521
1239
4227
2325
7765
8264
3028
4043
2979
6236
8395
4306
3113
7660
24361
3195
1220
164
4287
2246
7377
3053
1881
4233
8817
3151
8849
4188
4773
3408
9064
90
3314
7191
1008
4661
758
2947
7358
19988
7041
4511
5075
5144
5336
8163
1009
1414
7119
8375
22751
7460
971
6906
5541
4082
3605
8333
1736
2835
7426
3322
8996
7630
6855
674
6476
8409
5762
1677
1874
2716
5685
5076
6590
2828
2977
504
2848
380
5417
5944
23
4408
7725
8990
5577
1962
8523
1537
3256
8243
3994
8284
54
4853
392
7917
8472
4793
2703
4769
2836
7952
4695
8847
6651
7162
3298
8495
6102
3607
8894
2523
1574
8369
5876
6349
2883
1508
5627
4663
8623
7950
2821
25174
8289
6779
7705
8074
4985
22716
2338
1482
4933
7057
1498
1660
10795
1919
2957
2983
1691
3489
6887
5118
2598
7851
4641
7736
5179
2614
7244
2519
6034
3674
3843
1892
6144
4125
8401
2854
2683
3796
1900
4172
5358
8410
5738
4206
2792
7636
8270
5270
6410
2360
5070
5775
6453
7149
1421
22402
5043
7016
2674
3698
3165
2240
1515
8751
2584
2015
575
8867
8440
2478
583
7474
12066
5727
5690
2661
2142
4649
4051
1194
7001
8717
4057
8058
21
358
8357
6927
6966
6599
4592
4845
8054
2715
1289
3576
7452
8238
3069
1613
1446
1798
5919
6597
1959
5829
484
1820
1974
648
7298
5551
955
182
4140
675
2637
2737
19157
5735
2866
7735
8373
9059
8872
5037
879
5388
7809
5467
4595
6208
3135
2379
571
8352
5182
1083
5641
6458
558
2353
138
8212
8673
3393
7
4019
1212
2068
4048
586
8566
5262
2198
3800
8700
4059
2178
5681
7857
6683
4706
4516
6343
2318
3987
7503
5837
3058
542
2430
7955
7544
3937
6896
24094
4508
5653
6665
451
6008
2385
7997
4503
4864
3675
4720
2775
316
759
1263
2115
1808
5637
3585
8016
2545
1253
5818
3528
7540
3056
9010
8346
207
4178
6688
3907
4833
8946
5371
17397
3778
8978
1777
5539
6728
1019
243
18813
75
1681
8462
3611
5933
3050
6314
7577
7592
4299
1880
5100
7440
3716
3873
7031
8053
3935
7513
1548
6534
888
3925
6689
7973
2089
4294
6180
9054
8713
2021
227
353
2186
6234
5406
7347
1678
3470
7416
3529
352
8744
5665
1802
3147
2748
1215
3306
6596
2366
3752
7981
7218
304
2082
5836
6853
5788
1351
1895
5620
3588
1612
2160
2436
3922
7900
6078
8245
7496
1539
5290
7567
4118
2713
750
5575
4038
15143
2929
3616
4944
8252
6201
903
5865
6802
11253
5466
3085
323
8104
2648
1486
7260
8219
3534
8476
2106
280
4434
3386
7633
2999
14361
6309
1484
2291
7469
7624
3356
2853
6709
306
3421
7996
305
5418
2469
6323
5713
7560
2339
7682
7084
5143
5104
7545
4187
4481
9936
173
1319
6823
1841
9024
2662
6717
664
2161
8551
839
1070
4144
3580
1395
8878
5177
6971
693
4248
3634
3201
7176
14195
8564
25312
69
6176
1961
2281
5224
3401
25112
124
8223
3360
5379
7801
7480
2512
9015
5934
545
5590
3036
2367
4285
537
2097
4579
7137
3145
1055
3078
4141
7327
983
7485
2827
1224
6621
8718
241
1241
2833
8840
7605
1106
113
2543
8109
496
8644
5658
4902
2544
4967
24459
6469
7292
1270
7658
4260
7790
367
2275
1509
13847
4886
23761
5509
882
2862
7511
2345
1348
1141
2376
3496
2892
7015
4949
852
400
1517
3684
145
5767
3683
7866
8
121
46
792
119
17647
5534
6704
489
3762
4378
6964
8687
1054
1554
5636
1585
8486
7367
4314
8423
16472
7607
7844
3052
7610
941
6852
2495
2776
6397
8520
8637
8834
7837
2819
18312
6385
8798
3088
6006
6285
3764
4307
1617
4749
912
5977
2251
6990
7421
8852
1148
1172
7984
4454
1483
3527
8505
8176
2958
862
1835
901
1121
4757
1867
8277
1821
7457
3695
7303
5558
6162
1840
1724
1146
7839
6152
10066
3230
7579
5578
2336
7330
1581
3074
1856
5536
4107
3981
4911
8367
3898
9023
5722
8568
23528
6088
8555
8124
5337
4009
5244
4014
3542
6069
8526
1699
6912
6881
8168
5668
8203
6327
7662
6015
920
1329
7546
2563
6060
5413
1481
3743
7899
8716
590
4476
99
2381
7433
7320
7021
3863
4372
5473
4854
6270
4930
644
8405
5245
7663
1859
4787
242
3756
5298
8387
4778
139
2476
6125
2046
8022
2272
4136
3289
8907
2610
15572
7645
4536
2364
6409
1085
5250
8860
2630
5317
3215
6727
4189
5751
7684
4
2898
8514
2990
6359
3452
2885
1062
1829
3983
1497
5520
8846
2647
4838
2024
515
7568
1987
24777
2266
1095
8390
8110
7132
565
8087
2551
2108
3204
6836
20098
7972
5482
477
372
8953
8420
8949
6759
8147
7073
5021
4114
4905
2034
6231
4932
5771
7412
6857
2612
9057
8938
2199
4465
7126
24220
6174
5255
6551
6893
6148
1461
8000
1131
6799
3558
2168
6301
6230
3258
9014
2570
6635
8598
8945
4961
8057
1100
375
8787
4861
7357
1643
6511
3268
3974
2312
8739
3216
1553
3524
8132
6960
2723
154
8980
1665
15827
1238
4520
2060
5763
2181
2384
5381
2624
4627
193
3403
5091
3349
686
8067
5514
6747
3211
7520
7664
2627
298
21778
8984
2702
1452
1466
4215
5906
19506
2180
6457
331
1902
7003
8433
6042
2919
629
8134
7514
2865
2269
1024
4028
6354
8151
538
17847
1120
406
6048
8159
6399
1595
1001
4486
7195
6572
4882
4251
142
9009
5984
3832
9061
5752
1420
7780
756
5480
8200
3732
4875
3802
2327
1470
4116
8316
8180
8428
2760
6322
7395
5397
3483
8697
1907
7233
5457
6716
8524
1728
6856
7494
1937
3150
5044
6653
3701
6878
4369
8843
13431
7342
5002
92
116
5433
1632
480
4596
3629
5704
6412
8231
1686
3447
1098
3440
7407
20740
6324
1753
2842
3308
6481
834
8299
2872
3266
4145
4388
7035
8408
6934
4812
5089
2207
5596
2509
6775
2744
4675
5886
3241
3865
2945
3679
7481
8160
2890
3065
7338
8417
7028
19446
2454
1648
238
3178
6031
3824
3197
804
7975
2471
7121
1378
5449
951
3501
6271
8253
691
7479
8918
1116
7657
741
4373
5907
7766
7210
5909
7722
5372
12623
211
6951
5403
5765
532
3861
7353
4764
2626
5905
877
3354
2994
561
9306
2961
4160
5786
8562
3788
993
4685
6817
1572
6880
1475
2396
8786
899
3122
6117
4070
2632
73
167
678
7392
5858
5808
1424
5463
1272
5321
8706
7294
3286
3202
5953
4268
3577
2174
1004
4213
4629
3240
2459
5222
417
1047
5888
3562
4479
3478
8105
7999
1030
5985
3390
854
17167
8854
4712
1722
7161
2257
3042
2299
886
6702
5505
1335
4965
8901
7351
6005
3694
6391
7754
7601
5942
7250
1633
2837
5082
3721
1012
5408
3958
4705
3789
5997
8020
3136
8640
8103
8040
3600
478
2125
4262
5614
7740
4132
2234
5277
5993
7249
1523
7466
7039
5141
3643
1818
3689
2169
2501
7707
1727
1542
6892
2000
25228
8298
6535
4259
8667
5720
6693
5330
5007
5694
2992
6072
8011
5357
4624
3114
3883
8080
5696
5053
7743
653
2631
8158
1813
7835
3066
7962
11818
8853
6576
3579
17857
5980
1810
6379
485
5626
4183
6925
1005
443
10262
6916
8424
439
1292
8321
4530
6882
5214
4416
8297
4709
5675
5974
5079
1914
4918
2918
1674
1082
3283
144
4904
2119
2289
3541
1965
8482
279
4597
603
6894
922
7690
11060
8150
8496
2552
3169
4741
5872
10678
3159
2350
8711
3446
7718
6639
3047
8133
8674
713
13877
6796
2696
214
5394
5180
6075
771
848
6154
454
6454
5899
7081
2276
3772
4264
8453
5312
7571
7609
1817
7279
6758
556
927
453
8095
7101
7860
4948
6156
5041
740
8592
4170
200
269
4090
7793
989
4531
7821
276
7873
2414
7665
1334
799
2343
4832
8024
7778
2499
1669
6968
8259
6018
972
6001
3174
662
8565
2628
6096
8430
60
6685
5513
4374
2762
5860
7145
1198
3265
2050
3046
999
3990
1558
1550
2550
1206
5792
3127
2972
3522
8372
4734
6778
1303
7155
6339
3708
7838
255
2915
6347
5554
4969
2094
1659
688
4655
12249
837
8634
8731
7524
773
5741
5625
7219
2429
6616
3661
682
4075
1017
5148
3676
1688
7063
5630
7638
8447
5318
3327
8113
2218
1655
135
5233
2463
3415
7711
310
5023
8738
7691
1793
4489
3435
698
3779
3079
5145
7122
2950
6419
5955
6334
6798
6546
7620
1077
4606
2073
1018
233
599
6772
6561
1214
1311
5926
1255
5483
7695
1667
8965
534
7820
2859
5000
4224
3699
5525
6604
6244
5920
4907
7536
4912
2354
7600
22044
14867
13694
737
7913
4829
130
1764
7800
3499
1144
8018
6255
5020
1113
2906
6647
5639
4139
6763
864
7075
8778
1035
3317
34
7037
3364
8546
7371
894
2955
91
9038
1939
7667
1356
3949
5956
3919
890
3930
4828
16069
2372
7289
8977
3793
5924
720
2081
6540
4362
458
7080
667
8767
1051
3214
268
6915
2732
5113
5916
1529
7062
4186
4093
1288
4276
5472
18
2690
6108
7104
7760
7088
7954
8891
25233
5299
700
3093
6736
4094
8772
5954
4357
1273
1304
4517
7044
6815
2445
7436
6429
5764
1778
8025
651
7907
4460
7709
4792
1620
7389
4219
8928
6789
8648
1110
8019
8498
2507
1970
5383
6844
1201
3876
8432
788
8007
6636
2113
6414
8970
21082
652
7848
4826
4729
6254
7402
5263
8010
3996
6645
19327
6251
399
6746
555
8304
5138
8877
2404
1831
8215
5437
8206
1776
3391
10569
7050
746
1230
5526
638
2619
830
2738
5545
775
3569
1519
3431
2933
8920
4274
5873
3506
172
4493
1876
3530
494
9337
1474
853
6687
6487
264
5532
4601
5470
1059
4936
4746
6203
3323
3243
294
3303
2784
8055
3416
4393
1442
256
3647
483
8063
6199
3038
4637
6259
447
2373
11797
7584
5842
25238
8788
589
4978
6608
8952
8842
1535
8032
5544
658
4146
3329
9029
7222
3688
9000
6509
6630
5868
2013
5051
2270
4412
6330
7548
8039
9042
5843
7677
8669
1186
7512
8156
14890
6585
3730
2282
5677
681
390
1199
4200
8906
4708
9060
8379
3997
5961
17912
210
8185
2921
2753
8340
7052
1988
6264
7277
7803
7556
2653
7493
3703
1992
7915
3896
5936
1996
1153
8173
6237
5743
6810
5962
6869
1703
6593
3270
855
4901
7898
2243
1309
5175
572
6989
6099
5947
2443
4762
7488
5582
7477
5121
153
7152
4693
1181
7704
526
1693
2070
3597
360
1354
932
12096
981
5028
8781
6814
5468
8759
6351
1128
1244
8268
5460
8028
476
1799
4635
430
8035
7653
7919
5080
1590
6884
8624
6493
3311
1396
1981
1565
2149
3608
7875
7748
1143
7495
7611
7942
3545
4779
7192
7472
2772
5274
4399
8653
8622
2233
1171
5030
3434
4177
465
32
4501
1664
3794
2868
1347
5981
5011
1173
6451
4802
3602
4351
3031
8601
7133
7492
5723
6923
429
2970
5941
7183
1844
4738
3640
2968
1670
4415
5972
7323
2928
6610
7205
6743
6873
5085
8982
2388
8009
1916
8827
7071
4298
5272
24708
6660
1332
8810
584
8265
6820
2019
7516
6553
6258
8672
7118
4022
7066
6634
6190
1363
9004
3663
3301
2474
7747
7046
6883
4142
3537
2456
1471
6325
944
1392
3160
1644
527
2333
4865
6942
8874
6243
7575
1928
7590
4173
8371
8139
5533
4238
23079
2008
6984
5599
7510
1103
1327
1663
3894
8933
5521
5429
2040
2916
4654
4745
2510
7158
6721
763
5781
4550
5932
2849
6574
6294
8783
8545
4981
6976
529
6090
8607
3148
2374
3950
6079
3062
8350
1276
3473
2470
7443
5067
7106
6542
6724
3893
3084
7798
3309
6167
3346
2114
2155
5442
3554
7563
4204
2134
7647
4367
5444
4375
9063
1979
7987
3307
5925
5964
4394
354
3071
8314
3167
8148
6677
3814
24772
6648
5931
6421
2279
6116
947
610
2663
407
2268
4963
3846
5516
8463
186
5779
1023
19685
8790
6387
8619
7079
8088
5295
8360
3900
4085
1985
6317
2734
860
1672
6095
7339
78
557
7083
221
40
8356
6068
2742
6826
3203
6524
594
85
7399
8808
637
1071
8727
1850
1057
3189
7714
2592
3472
4023
2482
1015
7541
5624
3547
2572
4246
311
626
11331
3956
2139
420
4788
9045
781
3604
2809
1469
628
4445
8014
4405
6908
6566
6748
8225
4182
2239
5107
3239
4035
1912
696
128
6333
3138
6866
5648
3810
1000
16657
2938
3355
5796
1571
7400
6326
7214
8824
5259
8554
8917
6464
5078
3233
8229
5598
6514
8723
5929
5661
6641
2671
969
6791
6598
891
5074
2676
5586
8066
4553
5384
1069
2141
5748
4398
9035
7354
535
6686
8805
6706
4591
7685
1124
6369
6000
2271
8241
5567
7631
3719
5208
8177
5081
2116
1213
222
4975
1453
7332
1283
4040
2278
3535
4270
3583
110
1258
8701
1026
8189
520
8525
568
4742
4938
7982
1184
3007
3261
2967
4896
1999
8217
5060
8178
6288
2576
1170
335
8491
6345
457
7179
6739
595
521
158
6628
5776
1514
1218
6057
7775
5615
8286
7030
6640
8157
4662
3119
1236
209
6835
4443
2699
4682
3222
4477
6871
5489
6074
3767
2464
8457
767
1045
4872
8402
4358
70
5160
8266
7070
7224
6147
4804
2527
10319
6827
5046
7189
5542
8374
6987
6556
2893
4095
3612
4988
7812
4843
8204
6828
5880
8632
4151
4417
3589
4277
2851
7082
5471
636
6831
1562
8885
8812
43
3463
212
7687
5591
8076
2259
1294
8521
6891
14552
7058
6874
8856
8280
189
2229
6555
765
8258
5915
6295
1193
283
910
2685
3250
7833
7454
3448
6438
6356
4850
2718
5047
3662
4771
6536
8796
3942
8617
2660
2494
1652
2220
1969
1168
6158
5448
7314
8651
5863
4180
314
6296
5311
8222
4636
2777
8142
4657
6233
5158
5307
5730
4964
5797
8909
5573
301
2221
9067
3548
8468
115
6093
3236
3823
2515
5105
7666
8656
7055
1416
4921
2039
5758
5475
7340
8627
2616
5261
2711
7170
8086
6859
7319
1203
5382
2667
4271
4442
4129
6282
1759
4441
3316
8361
7435
8606
4818
2629
5487
1216
3430
4449
8695
9049
7271
5583
1459
6491
4810
2932
5958
9016
6895
6423
2439
8434
518
723
1364
8125
1606
3217
2603
1587
3417
112
2418
5246
6437
8442
1150
1770
3220
3424
6607
1598
6408
6014
3999
2
1185
3933
2618
3055
5181
4474
5341
3860
6499
2757
7946
328
1166
5201
656
813
5584
1344
7621
755
8094
7990
5206
6257
3011
8438
6899
8015
5874
1227
1878
1465
3781
3054
6529
7002
2213
5428
5035
4992
8162
3427
2960
7258
6146
3015
6017
8696
8839
7175
3512
4049
2886
3247
2315
1536
8370
1261
8452
3170
4638
8197
8344
1264
5601
1576
635
1183
3765
7372
2301
8795
3020
3857
958
3507
6861
7302
25076
5982
2717
8422
3959
4289
7051
3971
1228
1331
3733
4039
8664
5005
4650
5039
779
6941
7047
2232
5395
1538
284
7612
1007
6004
7969
1684
5552
5610
3754
8034
3921
51
4689
965
4962
2606
7859
203
1123
3879
1501
2452
6081
6129
2201
8479
2298
5324
8407
3141
7920
1418
6932
6936
8541
893
1076
2937
17749
7672
7167
3622
3637
8902
3041
8403
6474
3334
9053
21977
3034
4727
6032
7471
6194
6977
7794
1964
5374
7781
5454
4067
2546
8221
3081
1257
6061
5195
1107
4529
13
4237
4898
7305
5136
2143
1126
3700
4532
906
9188
6037
4150
4329
7123
1187
5714
1638
3951
4630
5093
4071
24868
6348
2649
8903
3711
665
724
7451
7299
7702
6813
1779
822
8308
6617
1086
1953
3532
6179
9399
1383
1783
8301
25297
1450
8383
5600
7131
2330
22554
168
4483
2241
7404
7127
7130
2889
5580
6697
4007
6357
3624
8683
1872
1792
3099
7272
3868
1010
8529
973
7836
2085
37
8210
7490
8893
8202
77
3704
6622
1353
6571
778
7773
11742
27
6272
574
3954
1065
17555
4143
4816
4017
1755
550
4524
8539
4540
8758
29
8100
1847
6221
25
8657
4684
1839
744
8261
4760
4795
3777
8921
4674
3186
1889
2840
4817
1982
3742
6840
2485
8196
7753
7235
1362
6846
4766
8605
5772
8318
7432
8415
2582
370
49
7594
6793
5202
7977
7683
14634
2831
3928
8939
3094
4428
1927
2788
3184
3821
5518
8789
8746
727
1540
7091
1718
9048
8213
1271
2604
163
8821
2175
5667
1473
6756
5315
897
2623
3407
33
2891
3850
4966
4241
5645
609
1998
6580
6064
8959
8323
2479
4256
2074
3080
8927
4714
414
2728
1342
2195
7293
4324
1064
1967
3344
2599
2829
3072
3854
2002
7165
105
5481
3449
340
3260
2037
3315
7036
7555
3715
8478
6905
6845
4396
1006
6589
6842
385
8089
4244
3880
6734
3410
8391
3968
2639
1710
4602
4131
4267
8396
4322
6632
1434
2514
549
